  -7.0180000e+01  -2.0550000e+01
  -7.2690000e+01  -3.7800000e+01
  -7.1530000e+01  -3.7340000e+01
  -7.0140000e+01  -1.9300000e+01
  -7.3230000e+01  -3.9820000e+01
  -7.1300000e+01  -4.1150000e+01
  -7.0860000e+01  -2.7130000e+01
  -7.0410000e+01  -2.3670000e+01
  -7.0330000e+01  -2.7370000e+01
  -7.1620000e+01  -3.3040000e+01
  -7.0740000e+01  -3.4170000e+01
  -7.1670000e+01  -3.5430000e+01
  -7.3050000e+01  -3.6830000e+01
  -7.0650000e+01  -3.3440000e+01
  -7.0320000e+01  -1.8480000e+01
  -7.2090000e+01  -3.6610000e+01
  -7.1200000e+01  -3.0600000e+01
  -7.3770000e+01  -4.2480000e+01
  -7.2590000e+01  -3.8740000e+01
  -7.0150000e+01  -2.0210000e+01
  -7.0540000e+01  -3.3400000e+01
  -6.8450000e+01  -2.2750000e+01
  -6.9760000e+01  -2.2190000e+01
  -6.9420000e+01  -3.1370000e+01
  -7.0070000e+01  -2.0180000e+01
  -6.9590000e+01  -2.5160000e+01
  -7.0610000e+01  -3.3990000e+01
  -7.0520000e+01  -3.3430000e+01
  -7.0280000e+01  -3.7370000e+01
  -7.0340000e+01  -1.8370000e+01
  -7.0650000e+01  -2.5650000e+01
  -7.2080000e+01  -3.6590000e+01
  -6.9360000e+01  -2.0950000e+01
  -7.1000000e+01  -3.1190000e+01
  -7.1460000e+01  -3.1400000e+01
  -7.2410000e+01  -3.5330000e+01
  -7.0390000e+01  -2.4170000e+01
  -7.1470000e+01  -3.9580000e+01
  -7.0080000e+01  -2.0920000e+01
  -7.1410000e+01  -2.9100000e+01
  -6.8430000e+01  -3.1980000e+01
  -6.9300000e+01  -3.1790000e+01
  -6.9640000e+01  -3.1210000e+01
  -7.1300000e+01  -3.2560000e+01
  -7.2000000e+01  -4.0230000e+01
  -7.0660000e+01  -3.3460000e+01
  -7.0060000e+01  -2.1430000e+01
  -7.1660000e+01  -3.1150000e+01
  -7.1320000e+01  -4.2920000e+01
  -6.8820000e+01  -3.2880000e+01
  -6.9760000e+01  -2.0130000e+01
  -7.0690000e+01  -2.6580000e+01
  -7.1850000e+01  -4.3190000e+01
  -7.0180000e+01  -2.0570000e+01
  -7.1930000e+01  -3.5010000e+01
  -7.3190000e+01  -3.6750000e+01
  -6.9890000e+01  -2.0280000e+01
  -7.1230000e+01  -2.8460000e+01
  -7.0330000e+01  -1.8480000e+01
  -7.2180000e+01  -3.4950000e+01
  -7.3890000e+01  -3.8410000e+01
  -7.0130000e+01  -2.0270000e+01
  -6.8750000e+01  -3.0240000e+01
  -7.0570000e+01  -2.3290000e+01
  -7.0090000e+01  -2.9980000e+01
  -7.1300000e+01  -2.9580000e+01
  -7.1080000e+01  -2.8190000e+01
  -6.9290000e+01  -3.1800000e+01
  -7.0200000e+01  -3.3850000e+01
  -7.3630000e+01  -4.2220000e+01
  -7.1360000e+01  -3.8460000e+01
  -7.1250000e+01  -2.9910000e+01
  -7.0280000e+01  -1.8050000e+01
  -7.1510000e+01  -3.1910000e+01
  -7.0820000e+01  -3.5810000e+01
  -7.0250000e+01  -2.2750000e+01
  -6.9400000e+01  -3.5780000e+01
  -6.9130000e+01  -2.6840000e+01
  -7.3470000e+01  -4.1410000e+01
  -6.8880000e+01  -3.2900000e+01
  -6.8150000e+01  -3.3260000e+01
  -6.8590000e+01  -3.2720000e+01
  -6.9120000e+01  -3.3740000e+01
  -6.8330000e+01  -3.4610000e+01
  -7.1830000e+01  -3.3950000e+01
  -6.8060000e+01  -3.8950000e+01
  -6.8620000e+01  -3.1510000e+01
  -7.3100000e+01  -4.0600000e+01
  -7.1200000e+01  -3.0600000e+01
  -7.2130000e+01  -4.0660000e+01
  -7.0500000e+01  -2.5110000e+01
  -7.0150000e+01  -2.0820000e+01
  -7.0600000e+01  -2.6150000e+01
  -7.0110000e+01  -1.8460000e+01
  -7.1960000e+01  -3.4500000e+01
  -7.3650000e+01  -3.7690000e+01
  -7.0690000e+01  -3.0840000e+01
  -7.1640000e+01  -3.0680000e+01
  -7.2340000e+01  -3.9630000e+01
  -6.9330000e+01  -2.0490000e+01
  -7.3580000e+01  -3.7150000e+01
  -7.0450000e+01  -2.3100000e+01
  -7.2940000e+01  -4.1470000e+01
  -7.0130000e+01  -3.2840000e+01
  -7.0120000e+01  -1.9600000e+01
  -7.2400000e+01  -4.1140000e+01
  -6.9570000e+01  -1.8190000e+01
  -7.1620000e+01  -3.0270000e+01
  -7.2120000e+01  -3.6080000e+01
  -7.3660000e+01  -4.3110000e+01
  -7.1700000e+01  -3.3390000e+01
  -7.1700000e+01  -3.3190000e+01
  -7.1610000e+01  -3.3650000e+01
  -6.9080000e+01  -3.0950000e+01
  -7.2950000e+01  -4.3770000e+01
  -7.1020000e+01  -3.2980000e+01
  -6.9130000e+01  -3.0210000e+01
  -7.3380000e+01  -3.8790000e+01
  -7.0290000e+01  -3.3740000e+01
  -7.0670000e+01  -3.3150000e+01
  -7.0780000e+01  -3.4790000e+01
  -7.0740000e+01  -2.9250000e+01
  -7.1730000e+01  -3.5590000e+01
  -7.0970000e+01  -3.2040000e+01
  -7.0540000e+01  -3.3270000e+01
  -7.1230000e+01  -4.0130000e+01
  -6.8180000e+01  -2.2950000e+01
  -6.9350000e+01  -2.2870000e+01
  -6.9140000e+01  -1.8850000e+01
  -7.0230000e+01  -2.7590000e+01
  -7.0990000e+01  -3.3780000e+01
  -7.2610000e+01  -3.8760000e+01
  -6.9440000e+01  -3.0660000e+01
  -7.2650000e+01  -4.4420000e+01
  -7.1650000e+01  -3.3020000e+01
  -7.0270000e+01  -2.8840000e+01
  -7.0430000e+01  -2.5420000e+01
  -7.0510000e+01  -3.3490000e+01
  -7.0140000e+01  -2.0240000e+01
  -7.0350000e+01  -2.7360000e+01
  -7.2340000e+01  -3.7470000e+01
  -6.8580000e+01  -3.1540000e+01
  -7.0300000e+01  -1.8490000e+01
  -7.1640000e+01  -3.3030000e+01
  -7.2860000e+01  -3.6420000e+01
  -6.9960000e+01  -2.3120000e+01
  -7.0250000e+01  -3.3350000e+01
  -7.0510000e+01  -3.3600000e+01
  -7.1470000e+01  -3.2550000e+01
  -7.0070000e+01  -3.8910000e+01
